5
6.74929403788002
9.11059400195255
12.2980155557848
16.6005846136827
22.4084453516903
30.2482373220647
40.8308495628383
55.1158819032080
74.3986586243642
100.427684615938
135.563194603289
182.991172218390
247.012245527651
333.431655204626
450.085656502609
607.552087593675
820.109536499509
1107.03208102094
1494.33700483530
2017.14396746368
2722.85955062965
3675.47594620987
4961.37357802513
6697.15382197210
9040.21207228032
12203.0098881225
16472.3403764192
22235.3337384993
30014.5610863051
40515.4196378769
54690.0960408260
73823.9078278865
99651.8521911515
134515.930371488
181577.513371233
245104.005681909
330855.800841883
446608.616804028
602858.574932254
813773.957095020
1098479.94336069
1482792.82649102
2001560.95664941
2701824.68623346
3647081.84923851
4923045.55614518
6645416.40406048
8970373.86303109
12108738.1662621
16345086.8623606
22063559.4617522
29782690.0659231
40202426.4987927
54267599.4953222
73253597.1447676
98882013.2924889
133476756.553714
180174775.440709
243210507.531669
328299845.686653
443158438.225971
598201320.990953
807487321.843239
1089993873.39606
1471337830.20754
1986098329.02542
2680952322.14695
3618907104.74140
4885013629.13455
6594078672.41607
8901075173.80992
12015194720.2634
16218816417.8883
21893112190.1448
29552610315.1165
39891851320.7214
53848366855.7883
72687692273.8695
98118121618.2571
132445610649.217
178782874059.628
241331637193.141
325763636011.898
439734913258.644
593580045660.848
801249252636.660
1081573360735.29
1459971327028.11
1970755154597.32
2660241203008.99
3590950018158.26
4847275509576.16
6543137539348.84
8832311836671.22
11922373923988.4
16093521448510.3
21723981672184.8
29324307995818.4
39583675424226.9
53432372907622.3
72126159179039.2
97360131224454.9
131422430640086
177401725512566
239467281662319
323247019278163
436337835995318
588994470996936
795059374288786
1.07321789892958e+15
1.44869263331830e+15
1.95553051055518e+15
2.63969008315652e+15
3.56320890801987e+15
4.80982892772388e+15
6.49258994102191e+15
8.76407971586776e+15
1.18302701947623e+16
1.59691944184039e+16
2.15561577355760e+16
2.90977693768647e+16
3.92778802741761e+16
5.30195926310129e+16
7.15689640870638e+16
9.66079965220142e+16
1.30407154987512e+17
1.76031246730822e+17
2.37617328808187e+17
3.20749844124411e+17
4.32967002119969e+17
5.84444321201416e+17
7.88917314511508e+17
1.06492698544258e+18
1.43750107072501e+18
1.94042348121810e+18
2.61929772654954e+18
3.53568210584668e+18
4.77267163136607e+18
6.44243283726755e+18
8.69637470760250e+18
1.17388779930384e+19
1.58458278499630e+19
2.13896302866059e+19
2.88729808331690e+19
3.89744474786265e+19
5.26100011994322e+19
7.10160734856375e+19
9.58616722740535e+19
1.29399722628094e+20
1.74671355287425e+20
2.35781667365968e+20
3.18271960358906e+20
4.29622208894955e+20
5.79929322607107e+20
7.82822703892792e+20
1.05670012162014e+21
1.42639596613558e+21
1.92543315797902e+21
2.59906290669683e+21
3.50836795604882e+21
4.73580138568993e+21
6.39266321140413e+21
8.62919273978106e+21
1.16481918220643e+22
1.57234143233483e+22
2.12243893095384e+22
2.86499288449021e+22
3.86733587877174e+22
5.22035739781466e+22
7.04674541213469e+22
9.51211135931585e+22
1.28400072970161e+23
1.73321969392176e+23
2.33960186930444e+23
3.15813218950190e+23
4.26303255148844e+23
5.75449203660981e+23
7.76775175874382e+23
1.04853681266042e+24
1.41537665163735e+24
1.91055863925011e+24
2.57898440658216e+24
3.48126481582614e+24
4.69921597314733e+24
6.34327807005478e+24
8.56252977176720e+24
1.15582062275516e+25
1.56019464760405e+25
2.10604248660124e+25
2.84285999966797e+25
3.83745960925733e+25
5.18002865227313e+25
6.99230729976701e+25
9.43862759386839e+25
1.27408145890132e+26
1.71983007886724e+26
2.32152777949305e+26
3.13373472018109e+26
4.23009941264312e+26
5.71003694907842e+26
